100
94 56
56 94
56 80
80 56
15 54
54 15
17 18
18 17
84 1
1 84
33 59
59 33
81 59
59 81
54 39
39 54
6 98
98 6
41 70
70 41
61 55
55 61
72 22
22 72
87 10
10 87
6 37
37 6
76 64
64 76
44 69
69 44
71 99
99 71
1 86
86 1
5 69
69 5
55 88
88 55
69 87
87 69
98 1
1 98
98 51
51 98
39 3
3 39
48 80
80 48
24 8
8 24
86 47
47 86
82 72
72 82
56 87
87 56
60 84
84 60
2 3
3 2
52 24
24 52
54 4
4 54
61 10
10 61
73 15
15 73
97 93
93 97
2 94
94 2
94 51
51 94
96 32
32 96
53 95
95 53
63 28
28 63
2 100
100 2
27 35
35 27
23 34
34 23
73 82
82 73
17 74
74 17
37 21
21 37
50 42
42 50
24 10
10 24
51 48
48 51
77 47
47 77
41 30
30 41
92 34
34 92
80 39
39 80
17 84
84 17
33 80
80 33
11 86
86 11
79 89
89 79
21 2
2 21
23 93
93 23
35 39
39 35
19 23
23 19
59 20
20 59
64 35
35 64
29 14
14 29
82 57
57 82
12 22
22 12
86 55
55 86
7 65
65 7
45 24
24 45
48 77
77 48
3 11
11 3
15 33
33 15
99 35
35 99
34 21
21 34