100
58 21
21 58
52 35
35 52
46 22
22 46
23 5
5 23
44 96
96 44
62 57
57 62
53 14
14 53
11 35
35 11
51 46
46 51
64 76
76 64
74 94
94 74
83 74
74 83
14 82
82 14
45 27
27 45
22 53
53 22
14 80
80 14
26 65
65 26
66 71
71 66
38 40
40 38
27 81
81 27
36 89
89 36
90 88
88 90
54 100
100 54
74 4
4 74
97 37
37 97
31 23
23 31
83 14
14 83
48 96
96 48
47 92
92 47
74 69
69 74
97 88
88 97
100 74
74 100
4 65
65 4
44 94
94 44
4 22
22 4
26 91
91 26
62 15
15 62
31 15
15 31
66 4
4 66
70 15
15 70
93 1
1 93
37 75
75 37
14 36
36 14
22 60
60 22
79 48
48 79
80 75
75 80
35 31
31 35
48 90
90 48
95 43
43 95
83 51
51 83
17 61
61 17
93 78
78 93
75 23
23 75
45 93
93 45
79 14
14 79
7 71
71 7
14 95
95 14
97 79
79 97
30 70
70 30
91 8
8 91
17 22
22 17
35 3
3 35
53 34
34 53
45 99
99 45
29 27
27 29
1 45
45 1
87 94
94 87
74 14
14 74
16 70
70 16
58 94
94 58
36 64
64 36
16 1
1 16
10 12
12 10
32 39
39 32
34 22
22 34