100
53 16
26 96
60 77
77 41
61 26
8 59
21 69
93 3
60 3
75 86
18 30
89 80
89 58
23 93
31 23
93 35
38 70
82 49
47 58
41 7
35 48
18 55
16 10
57 27
12 83
64 81
64 52
61 52
61 35
97 43
57 41
77 46
10 58
94 56
67 34
15 1
34 32
7 1
41 15
28 4
97 91
37 12
95 97
16 55
83 12
98 39
4 26
36 65
36 29
21 54
14 35
55 99
18 13
100 58
28 79
13 76
21 49
88 15
97 3
22 79
66 71
69 69
48 4
33 83
84 5
37 98
91 43
48 8
55 47
17 34
77 30
10 98
30 97
64 79
51 37
57 68
7 78
88 55
33 20
89 17
77 77
66 19
19 13
27 26
12 95
59 40
76 20
37 6
68 53
36 18
89 44
85 48
21 24
54 54
96 42
22 72
71 87
42 89
51 68
66 62
15 77
2 90
96 90
47 64
94 82
33 35
26 70
34 98
93 87
51 88
80 72
11 50
10 53
91 61
72 8
74 86
84 27
28 80
69 74
95 62
8 79
48 33
100 81
82 93
67 33
32 99
56 95
100 18
47 90
30 18
98 3
56 81
82 35
12 50
8 58
63 67
37 11
51 88
43 33
80 62
17 64
60 72
58 59
41 4
49 70
73 98
25 80
30 6
14 94
7 74